{
 "cells": [
  {
   "cell_type": "code",
   "execution_count": 77,
   "id": "bf766926",
   "metadata": {},
   "outputs": [],
   "source": [
    "from python_speech_features import mfcc\n",
    "import scipy.io.wavfile as wav\n",
    "import numpy as np\n",
    "\n",
    "from tempfile import TemporaryFile\n",
    "import os\n",
    "import pickle\n",
    "import random\n",
    "import operator\n",
    "import math"
   ]
  },
  {
   "cell_type": "code",
   "execution_count": 78,
   "id": "6810e079",
   "metadata": {},
   "outputs": [],
   "source": [
    "from  collections import defaultdict\n",
    "genres = defaultdict(int)"
   ]
  },
  {
   "cell_type": "code",
   "execution_count": 79,
   "id": "8d7c23d3",
   "metadata": {},
   "outputs": [
    {
     "name": "stdout",
     "output_type": "stream",
     "text": [
      "C:/Users/hp/Documents/genres/genres/blues\n",
      "C:/Users/hp/Documents/genres/genres/classical\n",
      "C:/Users/hp/Documents/genres/genres/country\n",
      "C:/Users/hp/Documents/genres/genres/disco\n",
      "C:/Users/hp/Documents/genres/genres/hiphop\n",
      "C:/Users/hp/Documents/genres/genres/jazz\n",
      "C:/Users/hp/Documents/genres/genres/metal\n",
      "C:/Users/hp/Documents/genres/genres/pop\n",
      "C:/Users/hp/Documents/genres/genres/reggae\n",
      "C:/Users/hp/Documents/genres/genres/rock\n"
     ]
    }
   ],
   "source": [
    "directory = \"C:/Users/hp/Documents/genres/genres\"\n",
    "nfile = open(\"dat\",'wb')\n",
    "i=0;\n",
    "\n",
    "for gen in os.listdir(directory):\n",
    "    path = directory + \"/\" + gen\n",
    "    if os.path.isdir(path):\n",
    "        print(path)\n",
    "        i+=1\n",
    "        genres[i] = gen\n",
    "        for aud in os.listdir(path):\n",
    "            sr,data = wav.read(path+\"/\"+aud)\n",
    "            mfcc_feat = mfcc(data,sr,winlen = 0.020,appendEnergy = False)\n",
    "            covariance = np.cov(np.matrix.transpose(mfcc_feat))\n",
    "            mean_mat = mfcc_feat.mean(0)\n",
    "            feature = (mean_mat, covariance, i)\n",
    "            pickle.dump(feature, nfile)\n",
    "        \n",
    "nfile.close()"
   ]
  },
  {
   "cell_type": "code",
   "execution_count": 80,
   "id": "ba101802",
   "metadata": {},
   "outputs": [],
   "source": [
    "dataset = []\n",
    "def loadDS(name, split, tr,te):\n",
    "    with open(\"dat\",'rb') as f:\n",
    "        while True:\n",
    "            try:\n",
    "                dataset.append(pickle.load(f))\n",
    "            except EOFError:\n",
    "                f.close()\n",
    "                break\n",
    "    for i in dataset:\n",
    "        if random.random()<split:\n",
    "            tr.append(i)\n",
    "        else:\n",
    "            te.append(i)\n",
    "            \n",
    "trainingSet = []\n",
    "testSet = []\n",
    "loadDS(\"dat\",0.66,trainingSet, testSet)\n"
   ]
  },
  {
   "cell_type": "code",
   "execution_count": 16,
   "id": "cf803e6b",
   "metadata": {},
   "outputs": [
    {
     "name": "stdout",
     "output_type": "stream",
     "text": [
      "[(array([ 66.93164965,   0.71885345,  -3.26783036,   4.18120038,\n",
      "        -8.05094092,   6.4482592 , -17.76851742,  14.09181008,\n",
      "       -18.33253624,   3.68556046, -10.55074362,   2.88748511,\n",
      "        -7.78808286]), array([[107.79187315, -31.41110033,  -9.22698714, -58.2604521 ,\n",
      "        -26.47249497, -32.54536346, -49.98443347,  15.73243236,\n",
      "        -17.98625091,  11.68895105,  25.22345732,   9.21246259,\n",
      "          2.06370737],\n",
      "       [-31.41110033,  67.24066775, -27.33646206,   2.99181433,\n",
      "         -1.56782767,   5.71153147,  28.79682267, -15.11618225,\n",
      "         13.93898012, -21.12518659,  -6.02999789,   0.8215573 ,\n",
      "          0.35850908],\n",
      "       [ -9.22698714, -27.33646206, 162.0214623 ,  12.28739935,\n",
      "        -24.64214157,  44.25096999, -12.97002892,  14.05913759,\n",
      "        -26.96955285,  15.68387893, -22.19458709,   8.72633776,\n",
      "         15.43161094],\n",
      "       [-58.2604521 ,   2.99181433,  12.28739935, 157.55731366,\n",
      "         77.41096632,  40.12079458,  49.67785321, -28.11579524,\n",
      "         30.49713692,  15.72651887, -14.44511324, -32.10092369,\n",
      "          3.40933919],\n",
      "       [-26.47249497,  -1.56782767, -24.64214157,  77.41096632,\n",
      "        167.17978901,  37.47847025,  28.76081374, -51.7603851 ,\n",
      "         13.40189533,  11.38940062, -13.75716966, -30.82891593,\n",
      "        -16.02680608],\n",
      "       [-32.54536346,   5.71153147,  44.25096999,  40.12079458,\n",
      "         37.47847025, 115.06735897,  42.68914981,  -7.32248596,\n",
      "          8.22168575,  14.05386632, -12.44864647,   8.69349948,\n",
      "        -13.01375443],\n",
      "       [-49.98443347,  28.79682267, -12.97002892,  49.67785321,\n",
      "         28.76081374,  42.68914981, 155.99694188,  15.48613831,\n",
      "         38.70165786, -16.23456958, -15.93331578, -17.24508937,\n",
      "         18.47661453],\n",
      "       [ 15.73243236, -15.11618225,  14.05913759, -28.11579524,\n",
      "        -51.7603851 ,  -7.32248596,  15.48613831, 135.00495334,\n",
      "         34.68062285,  12.59111087,  14.06333151,  29.67414916,\n",
      "         11.60317841],\n",
      "       [-17.98625091,  13.93898012, -26.96955285,  30.49713692,\n",
      "         13.40189533,   8.22168575,  38.70165786,  34.68062285,\n",
      "        131.91314628,  26.81325948,   7.17901938,   3.27773544,\n",
      "         -3.78894116],\n",
      "       [ 11.68895105, -21.12518659,  15.68387893,  15.72651887,\n",
      "         11.38940062,  14.05386632, -16.23456958,  12.59111087,\n",
      "         26.81325948, 134.38610592,  35.97772425,  12.20430025,\n",
      "        -17.73873436],\n",
      "       [ 25.22345732,  -6.02999789, -22.19458709, -14.44511324,\n",
      "        -13.75716966, -12.44864647, -15.93331578,  14.06333151,\n",
      "          7.17901938,  35.97772425,  94.64061016,  36.40653459,\n",
      "         -8.66584547],\n",
      "       [  9.21246259,   0.8215573 ,   8.72633776, -32.10092369,\n",
      "        -30.82891593,   8.69349948, -17.24508937,  29.67414916,\n",
      "          3.27773544,  12.20430025,  36.40653459, 128.34353639,\n",
      "         18.41032842],\n",
      "       [  2.06370737,   0.35850908,  15.43161094,   3.40933919,\n",
      "        -16.02680608, -13.01375443,  18.47661453,  11.60317841,\n",
      "         -3.78894116, -17.73873436,  -8.66584547,  18.41032842,\n",
      "         90.76287616]]), 1), (array([ 78.77410313,   3.03970009, -19.02443546,  -0.98359072,\n",
      "       -14.69933663,   7.58656179, -12.82305324,   1.89292009,\n",
      "       -14.86532614,   3.59525225, -13.96170466,   1.06610239,\n",
      "        -6.19668495]), array([[ 41.92951883, -21.58695776, -30.46497587, -18.57853128,\n",
      "         -6.40815956,  -1.8642102 , -11.32159752,  -1.37447283,\n",
      "         -9.15072495,  13.76764054,  14.23814557,   3.91138108,\n",
      "         -5.20882787],\n",
      "       [-21.58695776,  54.4607802 ,  -5.15166401, -12.6512746 ,\n",
      "          4.23896013,  -8.98585687,   9.59230456,   1.57109396,\n",
      "         15.51194116,  -9.74487442,   3.79669053,   5.86146118,\n",
      "          9.17593074],\n",
      "       [-30.46497587,  -5.15166401,  96.15432665,  33.45484386,\n",
      "        -11.72182013,   4.25840338,   7.51040957,  21.61256631,\n",
      "         -0.20511237,  -8.42870284, -23.15910719,  -2.55962815,\n",
      "          0.33445453],\n",
      "       [-18.57853128, -12.6512746 ,  33.45484386,  94.00232407,\n",
      "         -8.93550096,  -3.65261218,  -9.92016534, -23.16422089,\n",
      "         -8.93238061,  -4.29405519, -12.23430352, -30.08420478,\n",
      "         19.96970346],\n",
      "       [ -6.40815956,   4.23896013, -11.72182013,  -8.93550096,\n",
      "        105.64385213,  25.77920757,  -3.37386238, -16.18192954,\n",
      "          7.347486  ,   5.39169885,  -8.89412566,  16.96125993,\n",
      "        -18.08772046],\n",
      "       [ -1.8642102 ,  -8.98585687,   4.25840338,  -3.65261218,\n",
      "         25.77920757,  68.87964726,  17.85631665,  -4.16367623,\n",
      "         -5.36675643,  -0.69566181,  -3.92912166,  10.64608317,\n",
      "         -6.62778274],\n",
      "       [-11.32159752,   9.59230456,   7.51040957,  -9.92016534,\n",
      "         -3.37386238,  17.85631665, 107.06448739,  58.20072356,\n",
      "          1.40011697, -23.99673849, -11.73409327,  11.9017315 ,\n",
      "         -2.01612152],\n",
      "       [ -1.37447283,   1.57109396,  21.61256631, -23.16422089,\n",
      "        -16.18192954,  -4.16367623,  58.20072356, 153.91726632,\n",
      "         35.17023079, -15.63544649, -14.43344395,  29.30532647,\n",
      "        -12.89032603],\n",
      "       [ -9.15072495,  15.51194116,  -0.20511237,  -8.93238061,\n",
      "          7.347486  ,  -5.36675643,   1.40011697,  35.17023079,\n",
      "        100.76699209,  13.34394477,  -7.6273575 ,   9.46125164,\n",
      "         -3.70212554],\n",
      "       [ 13.76764054,  -9.74487442,  -8.42870284,  -4.29405519,\n",
      "          5.39169885,  -0.69566181, -23.99673849, -15.63544649,\n",
      "         13.34394477,  95.74558389,  40.84254966, -11.07948179,\n",
      "         -3.86240424],\n",
      "       [ 14.23814557,   3.79669053, -23.15910719, -12.23430352,\n",
      "         -8.89412566,  -3.92912166, -11.73409327, -14.43344395,\n",
      "         -7.6273575 ,  40.84254966,  97.82738255,   7.67141492,\n",
      "          0.22152062],\n",
      "       [  3.91138108,   5.86146118,  -2.55962815, -30.08420478,\n",
      "         16.96125993,  10.64608317,  11.9017315 ,  29.30532647,\n",
      "          9.46125164, -11.07948179,   7.67141492,  98.27367412,\n",
      "         -9.62411289],\n",
      "       [ -5.20882787,   9.17593074,   0.33445453,  19.96970346,\n",
      "        -18.08772046,  -6.62778274,  -2.01612152, -12.89032603,\n",
      "         -3.70212554,  -3.86240424,   0.22152062,  -9.62411289,\n",
      "         83.77725151]]), 1), (array([ 70.6988441 ,   1.93457147, -15.94491948,   3.16687247,\n",
      "       -26.35814289,   1.12820886, -24.88227323,  -0.19109244,\n",
      "       -16.76622812,   0.71113706, -18.85182456,  -0.64411942,\n",
      "        -6.86954619]), array([[ 110.04173713,  -82.13417757,  -59.36187763,   25.23082459,\n",
      "         -66.24218201,   18.50513832,  -23.05400762,   28.34101558,\n",
      "         -32.06116216,   23.18801528,   19.3188929 ,    4.4158401 ,\n",
      "          34.34373338],\n",
      "       [ -82.13417757,  217.5462638 ,   -8.64040206, -142.52477375,\n",
      "          31.78113089,  -74.03298926,   22.25620956,  -60.12279484,\n",
      "          47.33947153,  -48.59943373,  -19.39540143,   24.42087115,\n",
      "         -44.36232164],\n",
      "       [ -59.36187763,   -8.64040206,   99.04555358,   28.09454931,\n",
      "          33.70319362,   26.00361352,   14.28909095,    5.29417595,\n",
      "          -3.99351242,    4.53982155,    9.76101801,  -20.33107926,\n",
      "           8.66799966],\n",
      "       [  25.23082459, -142.52477375,   28.09454931,  188.27204518,\n",
      "          32.06964751,   61.01444911,  -14.99324289,   27.00598062,\n",
      "         -20.6807564 ,   16.4060283 ,  -11.64785558,  -28.01747351,\n",
      "          18.63514424],\n",
      "       [ -66.24218201,   31.78113089,   33.70319362,   32.06964751,\n",
      "         130.19192597,    8.12581895,    7.5518406 ,  -34.48210853,\n",
      "          18.26570898,  -19.53749   ,  -10.84350727,   -6.42560921,\n",
      "         -32.88538438],\n",
      "       [  18.50513832,  -74.03298926,   26.00361352,   61.01444911,\n",
      "           8.12581895,  100.17748373,    2.63656408,   24.53185389,\n",
      "         -29.00843751,   25.08770327,   15.20023439,  -12.481211  ,\n",
      "          17.89132137],\n",
      "       [ -23.05400762,   22.25620956,   14.28909095,  -14.99324289,\n",
      "           7.5518406 ,    2.63656408,   92.80330653,   15.86722621,\n",
      "          14.1967338 ,  -12.36778214,    1.13513305,   -1.69927548,\n",
      "         -13.33515805],\n",
      "       [  28.34101558,  -60.12279484,    5.29417595,   27.00598062,\n",
      "         -34.48210853,   24.53185389,   15.86722621,  125.88979005,\n",
      "          -5.16653634,   -0.31523492,    2.54913094,   28.09318076,\n",
      "           7.98918896],\n",
      "       [ -32.06116216,   47.33947153,   -3.99351242,  -20.6807564 ,\n",
      "          18.26570898,  -29.00843751,   14.1967338 ,   -5.16653634,\n",
      "         125.93491432,   14.56951638,  -16.03991126,   17.35369777,\n",
      "         -25.62085225],\n",
      "       [  23.18801528,  -48.59943373,    4.53982155,   16.4060283 ,\n",
      "         -19.53749   ,   25.08770327,  -12.36778214,   -0.31523492,\n",
      "          14.56951638,  135.76247948,   40.38157816,   -9.19802713,\n",
      "          13.52434905],\n",
      "       [  19.3188929 ,  -19.39540143,    9.76101801,  -11.64785558,\n",
      "         -10.84350727,   15.20023439,    1.13513305,    2.54913094,\n",
      "         -16.03991126,   40.38157816,  122.24601572,    3.48304474,\n",
      "          19.6901282 ],\n",
      "       [   4.4158401 ,   24.42087115,  -20.33107926,  -28.01747351,\n",
      "          -6.42560921,  -12.481211  ,   -1.69927548,   28.09318076,\n",
      "          17.35369777,   -9.19802713,    3.48304474,  118.69767491,\n",
      "         -14.72619507],\n",
      "       [  34.34373338,  -44.36232164,    8.66799966,   18.63514424,\n",
      "         -32.88538438,   17.89132137,  -13.33515805,    7.98918896,\n",
      "         -25.62085225,   13.52434905,   19.6901282 ,  -14.72619507,\n",
      "         103.61431742]]), 1), (array([ 70.00291522,   6.96591781, -18.71681431,   8.84196105,\n",
      "        -8.01016039,   3.43449211, -31.36002343,   1.69970775,\n",
      "       -18.67915656,  -6.93499514, -12.81097953,  -4.71106351,\n",
      "        -6.55271779]), array([[ 9.57584757e+01, -5.65310912e+01, -5.90639441e+01,\n",
      "        -1.45119260e+01, -6.14077950e+01, -3.42481308e+01,\n",
      "        -4.66116113e+00,  2.49012307e+01, -2.48550402e+01,\n",
      "         6.20214792e+01,  1.01464095e+01, -2.24626140e+01,\n",
      "         2.00679871e+01],\n",
      "       [-5.65310912e+01,  1.32572970e+02,  2.36316291e+00,\n",
      "        -5.02681131e+01,  9.68021395e+01, -4.55083237e+00,\n",
      "         9.45436387e+00, -5.57817894e+01,  2.20355677e+01,\n",
      "        -9.88945983e+01,  2.21041720e+01,  1.79191596e+01,\n",
      "        -1.03398875e+00],\n",
      "       [-5.90639441e+01,  2.36316291e+00,  9.52344968e+01,\n",
      "         2.83875850e+01, -9.98877813e-01,  3.38520740e+01,\n",
      "         4.41553380e+00,  2.03612486e+01,  8.00864331e+00,\n",
      "        -1.92705517e+01, -2.25526020e+01,  6.22419666e+00,\n",
      "        -1.57710664e+01],\n",
      "       [-1.45119260e+01, -5.02681131e+01,  2.83875850e+01,\n",
      "         1.46319158e+02,  4.80766010e+00,  1.21658228e+00,\n",
      "        -1.30179327e+01, -3.38062326e+01,  3.16195924e+01,\n",
      "         1.85389887e+01, -4.28629185e+01,  1.63233810e+01,\n",
      "        -1.63781549e+01],\n",
      "       [-6.14077950e+01,  9.68021395e+01, -9.98877813e-01,\n",
      "         4.80766010e+00,  2.08886319e+02,  5.35179551e+00,\n",
      "        -1.82490030e+01, -1.32478136e+02,  1.81371198e+01,\n",
      "        -8.43827391e+01,  3.79767681e+00,  3.15742439e+01,\n",
      "         9.62683082e+00],\n",
      "       [-3.42481308e+01, -4.55083237e+00,  3.38520740e+01,\n",
      "         1.21658228e+00,  5.35179551e+00,  1.27350894e+02,\n",
      "        -1.24801381e+01,  9.90521019e+00, -4.22210307e+00,\n",
      "        -1.90449363e+01, -1.52524777e+00,  3.19316838e+01,\n",
      "        -2.27668733e+01],\n",
      "       [-4.66116113e+00,  9.45436387e+00,  4.41553380e+00,\n",
      "        -1.30179327e+01, -1.82490030e+01, -1.24801381e+01,\n",
      "         1.33406495e+02,  2.30621192e+01,  1.60025647e+01,\n",
      "        -7.40806073e+00,  3.05645617e+00,  1.23814077e+01,\n",
      "         1.10944418e+01],\n",
      "       [ 2.49012307e+01, -5.57817894e+01,  2.03612486e+01,\n",
      "        -3.38062326e+01, -1.32478136e+02,  9.90521019e+00,\n",
      "         2.30621192e+01,  2.34407633e+02, -2.74673236e+01,\n",
      "         7.18929877e+01,  7.66080281e+00, -5.73438477e+01,\n",
      "        -5.80896093e+00],\n",
      "       [-2.48550402e+01,  2.20355677e+01,  8.00864331e+00,\n",
      "         3.16195924e+01,  1.81371198e+01, -4.22210307e+00,\n",
      "         1.60025647e+01, -2.74673236e+01,  1.72442681e+02,\n",
      "        -3.79663440e+01, -1.49899483e+01,  3.76176012e+01,\n",
      "        -2.64378907e+01],\n",
      "       [ 6.20214792e+01, -9.88945983e+01, -1.92705517e+01,\n",
      "         1.85389887e+01, -8.43827391e+01, -1.90449363e+01,\n",
      "        -7.40806073e+00,  7.18929877e+01, -3.79663440e+01,\n",
      "         2.38168422e+02,  1.01633966e+01, -4.91109342e+01,\n",
      "        -3.11966794e+00],\n",
      "       [ 1.01464095e+01,  2.21041720e+01, -2.25526020e+01,\n",
      "        -4.28629185e+01,  3.79767681e+00, -1.52524777e+00,\n",
      "         3.05645617e+00,  7.66080281e+00, -1.49899483e+01,\n",
      "         1.01633966e+01,  1.13050628e+02, -6.80088910e+00,\n",
      "        -7.36753830e-02],\n",
      "       [-2.24626140e+01,  1.79191596e+01,  6.22419666e+00,\n",
      "         1.63233810e+01,  3.15742439e+01,  3.19316838e+01,\n",
      "         1.23814077e+01, -5.73438477e+01,  3.76176012e+01,\n",
      "        -4.91109342e+01, -6.80088910e+00,  1.31988827e+02,\n",
      "        -6.19037130e+00],\n",
      "       [ 2.00679871e+01, -1.03398875e+00, -1.57710664e+01,\n",
      "        -1.63781549e+01,  9.62683082e+00, -2.27668733e+01,\n",
      "         1.10944418e+01, -5.80896093e+00, -2.64378907e+01,\n",
      "        -3.11966794e+00, -7.36753830e-02, -6.19037130e+00,\n",
      "         1.13969151e+02]]), 1), (array([ 70.12368834,   9.48688068, -19.39257546,  -1.81516435,\n",
      "       -25.3155246 ,  -1.99732627, -17.61436622,   6.15761782,\n",
      "        -8.14598125,   1.4933328 ,  -8.29477141,   5.48014505,\n",
      "        -3.45359755]), array([[ 1.26138976e+02, -2.65362596e+01, -9.48388376e+01,\n",
      "        -5.37287797e+01, -3.91778592e+01, -2.77796444e+00,\n",
      "        -1.92367505e+01,  3.11016893e+01, -8.20718885e+00,\n",
      "        -1.38894494e+01, -9.20904918e+00, -1.66731260e+01,\n",
      "        -1.85786666e+00],\n",
      "       [-2.65362596e+01,  9.20622408e+01,  9.09785823e+00,\n",
      "        -8.07537914e+01,  1.99186414e+01, -3.33881601e+01,\n",
      "         2.10482494e+01, -7.77450350e+00,  2.08590118e+01,\n",
      "        -6.96104502e-01,  2.90124388e+01, -1.49872154e+00,\n",
      "        -8.93003325e+00],\n",
      "       [-9.48388376e+01,  9.09785823e+00,  1.44609756e+02,\n",
      "         9.78518951e+01,  2.17546350e+01,  1.25900941e+01,\n",
      "         1.38362365e+01, -3.24662190e+01, -1.71443553e+01,\n",
      "         2.64514999e+01,  2.43744468e+01,  1.66799176e+01,\n",
      "         1.13600052e+01],\n",
      "       [-5.37287797e+01, -8.07537914e+01,  9.78518951e+01,\n",
      "         2.72760177e+02,  2.33027289e+01,  7.72070579e+01,\n",
      "        -2.14602713e+01, -1.98405233e+01, -2.72948044e+01,\n",
      "         1.24500035e+01, -4.08509583e+01,  1.22769596e+01,\n",
      "        -1.19965590e+01],\n",
      "       [-3.91778592e+01,  1.99186414e+01,  2.17546350e+01,\n",
      "         2.33027289e+01,  9.41243738e+01,  1.60842777e+01,\n",
      "         1.48070863e+01, -1.30240988e+01,  1.07885228e+01,\n",
      "        -1.45197736e+01, -1.57356764e+01, -3.47225957e+00,\n",
      "        -3.39946725e+01],\n",
      "       [-2.77796444e+00, -3.33881601e+01,  1.25900941e+01,\n",
      "         7.72070579e+01,  1.60842777e+01,  9.30043017e+01,\n",
      "         8.01769547e+00, -6.32305084e+00, -2.11455226e+01,\n",
      "        -1.00782425e+01, -2.60127594e+01,  8.34800049e-01,\n",
      "        -1.12832651e-01],\n",
      "       [-1.92367505e+01,  2.10482494e+01,  1.38362365e+01,\n",
      "        -2.14602713e+01,  1.48070863e+01,  8.01769547e+00,\n",
      "         8.56681705e+01, -4.73185387e-01,  9.20394025e+00,\n",
      "         3.84826217e+00,  2.01428438e+01, -4.73193037e-01,\n",
      "         2.09300416e+01],\n",
      "       [ 3.11016893e+01, -7.77450350e+00, -3.24662190e+01,\n",
      "        -1.98405233e+01, -1.30240988e+01, -6.32305084e+00,\n",
      "        -4.73185387e-01,  1.08206656e+02, -4.20100661e+00,\n",
      "         1.05521054e+01, -2.46646849e+00,  7.35930505e+00,\n",
      "         4.16907900e+00],\n",
      "       [-8.20718885e+00,  2.08590118e+01, -1.71443553e+01,\n",
      "        -2.72948044e+01,  1.07885228e+01, -2.11455226e+01,\n",
      "         9.20394025e+00, -4.20100661e+00,  1.24623546e+02,\n",
      "         2.13701051e+01,  1.99217462e+00, -8.54686135e+00,\n",
      "         4.16985257e+00],\n",
      "       [-1.38894494e+01, -6.96104502e-01,  2.64514999e+01,\n",
      "         1.24500035e+01, -1.45197736e+01, -1.00782425e+01,\n",
      "         3.84826217e+00,  1.05521054e+01,  2.13701051e+01,\n",
      "         1.41905883e+02,  5.00403581e+01,  7.96230929e+00,\n",
      "         1.06853452e+01],\n",
      "       [-9.20904918e+00,  2.90124388e+01,  2.43744468e+01,\n",
      "        -4.08509583e+01, -1.57356764e+01, -2.60127594e+01,\n",
      "         2.01428438e+01, -2.46646849e+00,  1.99217462e+00,\n",
      "         5.00403581e+01,  1.30605837e+02,  2.81778752e+01,\n",
      "         3.32888687e+01],\n",
      "       [-1.66731260e+01, -1.49872154e+00,  1.66799176e+01,\n",
      "         1.22769596e+01, -3.47225957e+00,  8.34800049e-01,\n",
      "        -4.73193037e-01,  7.35930505e+00, -8.54686135e+00,\n",
      "         7.96230929e+00,  2.81778752e+01,  8.55872901e+01,\n",
      "         1.31917493e+01],\n",
      "       [-1.85786666e+00, -8.93003325e+00,  1.13600052e+01,\n",
      "        -1.19965590e+01, -3.39946725e+01, -1.12832651e-01,\n",
      "         2.09300416e+01,  4.16907900e+00,  4.16985257e+00,\n",
      "         1.06853452e+01,  3.32888687e+01,  1.31917493e+01,\n",
      "         1.21072438e+02]]), 1), (array([ 57.40035549,   4.95336539,  -5.20784671,  12.64335693,\n",
      "       -10.02998638,  10.5498862 , -14.66751335,   7.85052529,\n",
      "       -13.91437829,   6.5809962 , -14.62445504,  -0.74331876,\n",
      "        -9.14725165]), array([[ 8.01213059e+01, -1.63169088e+01, -6.25912073e+00,\n",
      "         1.71865472e+01, -4.92937296e+01,  8.37209047e+00,\n",
      "        -1.74970172e+01, -2.01241353e+01, -2.93886353e+01,\n",
      "         7.77525673e+00,  6.27888106e+00,  3.14499554e+00,\n",
      "         2.52406684e+01],\n",
      "       [-1.63169088e+01,  1.16089271e+02,  9.35271543e+00,\n",
      "        -2.58168770e+01,  3.90642703e+01, -1.82619945e+01,\n",
      "         2.79091235e+01, -1.26025917e+01,  2.23718772e+01,\n",
      "        -1.52649056e+01,  5.42176529e+00,  1.24941590e+00,\n",
      "         1.75157943e+01],\n",
      "       [-6.25912073e+00,  9.35271543e+00,  7.49852541e+01,\n",
      "         5.23556615e+01,  4.25488109e+01,  3.90644925e+01,\n",
      "         5.23617315e+01,  3.81518749e+01,  2.60475994e+01,\n",
      "         2.21720864e+01,  1.26494358e+01,  1.87479462e+01,\n",
      "         7.20099341e+00],\n",
      "       [ 1.71865472e+01, -2.58168770e+01,  5.23556615e+01,\n",
      "         1.56231728e+02,  4.49932471e+01,  7.21820851e+01,\n",
      "         2.87510007e+01, -5.76332162e+00,  1.87726512e+01,\n",
      "         4.97390475e+01,  3.17976015e+01,  1.43741537e+00,\n",
      "         3.53223049e+01],\n",
      "       [-4.92937296e+01,  3.90642703e+01,  4.25488109e+01,\n",
      "         4.49932471e+01,  1.93570039e+02,  6.37985570e+01,\n",
      "         3.86460480e+01,  2.71289445e+01,  7.96765399e+01,\n",
      "         2.09967208e+01,  2.25572781e+01,  2.46159732e+01,\n",
      "        -4.50539365e+00],\n",
      "       [ 8.37209047e+00, -1.82619945e+01,  3.90644925e+01,\n",
      "         7.21820851e+01,  6.37985570e+01,  1.13991345e+02,\n",
      "         3.29180409e+01,  2.33204607e+01,  2.41120848e+01,\n",
      "         3.73166439e+01,  3.58323689e+01,  3.01464211e+01,\n",
      "         1.50333649e+01],\n",
      "       [-1.74970172e+01,  2.79091235e+01,  5.23617315e+01,\n",
      "         2.87510007e+01,  3.86460480e+01,  3.29180409e+01,\n",
      "         1.34319554e+02,  8.29151196e+01,  6.16276996e+01,\n",
      "         2.70142815e+01,  2.30917904e+01,  1.73642156e+01,\n",
      "         3.83042639e+00],\n",
      "       [-2.01241353e+01, -1.26025917e+01,  3.81518749e+01,\n",
      "        -5.76332162e+00,  2.71289445e+01,  2.33204607e+01,\n",
      "         8.29151196e+01,  2.05804647e+02,  9.09306020e+01,\n",
      "         2.26619065e+01,  3.26837660e+00,  9.62350671e+00,\n",
      "        -2.97183596e+01],\n",
      "       [-2.93886353e+01,  2.23718772e+01,  2.60475994e+01,\n",
      "         1.87726512e+01,  7.96765399e+01,  2.41120848e+01,\n",
      "         6.16276996e+01,  9.09306020e+01,  1.49577974e+02,\n",
      "         4.82130958e+01,  2.50053538e+01,  2.89399298e+00,\n",
      "        -1.42444446e+01],\n",
      "       [ 7.77525673e+00, -1.52649056e+01,  2.21720864e+01,\n",
      "         4.97390475e+01,  2.09967208e+01,  3.73166439e+01,\n",
      "         2.70142815e+01,  2.26619065e+01,  4.82130958e+01,\n",
      "         1.29278064e+02,  4.39368323e+01, -1.83404561e+00,\n",
      "         3.47412183e-02],\n",
      "       [ 6.27888106e+00,  5.42176529e+00,  1.26494358e+01,\n",
      "         3.17976015e+01,  2.25572781e+01,  3.58323689e+01,\n",
      "         2.30917904e+01,  3.26837660e+00,  2.50053538e+01,\n",
      "         4.39368323e+01,  1.04825289e+02,  3.80936824e+01,\n",
      "         2.92975952e+01],\n",
      "       [ 3.14499554e+00,  1.24941590e+00,  1.87479462e+01,\n",
      "         1.43741537e+00,  2.46159732e+01,  3.01464211e+01,\n",
      "         1.73642156e+01,  9.62350671e+00,  2.89399298e+00,\n",
      "        -1.83404561e+00,  3.80936824e+01,  1.07984313e+02,\n",
      "         3.04930271e+01],\n",
      "       [ 2.52406684e+01,  1.75157943e+01,  7.20099341e+00,\n",
      "         3.53223049e+01, -4.50539365e+00,  1.50333649e+01,\n",
      "         3.83042639e+00, -2.97183596e+01, -1.42444446e+01,\n",
      "         3.47412183e-02,  2.92975952e+01,  3.04930271e+01,\n",
      "         8.48117594e+01]]), 1), (array([ 58.14288451,   3.54816252,  -5.52804324,  11.83344868,\n",
      "        -5.86303179,  -0.98649337, -15.73643942,  -0.38992314,\n",
      "       -21.97644099,  13.40374952,   4.61017035,   6.36878108,\n",
      "        -7.79029817]), array([[ 1.36089757e+02,  3.92298491e+01, -1.99979782e+02,\n",
      "        -5.37008189e+01, -7.08908629e+01, -9.46719464e+01,\n",
      "        -2.17891547e+01, -9.45169465e+01, -2.81219470e+01,\n",
      "        -1.70878899e+01,  5.38503742e+01, -8.97289484e+01,\n",
      "        -9.80301067e+00],\n",
      "       [ 3.92298491e+01,  5.85525251e+01, -5.00683217e+01,\n",
      "        -4.35947638e+01, -2.51417344e+01, -4.54024352e+01,\n",
      "        -3.94893332e+01, -6.00583699e+01, -2.16813561e+01,\n",
      "        -1.08185591e+01, -3.95994635e+00, -2.09502909e+01,\n",
      "         3.18069421e+00],\n",
      "       [-1.99979782e+02, -5.00683217e+01,  3.34804907e+02,\n",
      "         8.59319390e+01,  1.02340133e+02,  1.41490791e+02,\n",
      "         2.89585021e+01,  1.37407743e+02,  3.58699305e+01,\n",
      "         7.60424956e+00, -9.41726364e+01,  1.28452189e+02,\n",
      "         1.95576538e+01],\n",
      "       [-5.37008189e+01, -4.35947638e+01,  8.59319390e+01,\n",
      "         1.08589630e+02,  5.26090780e+01,  1.53104607e+01,\n",
      "         2.49562305e+01,  5.67543705e+01,  1.30234478e-01,\n",
      "         1.48174918e+00, -3.82896385e+01,  1.71191037e+01,\n",
      "        -2.34280287e+00],\n",
      "       [-7.08908629e+01, -2.51417344e+01,  1.02340133e+02,\n",
      "         5.26090780e+01,  1.18097657e+02,  4.91560188e+01,\n",
      "        -2.10317390e+00,  4.98679104e+01, -3.68835515e+00,\n",
      "         7.73878340e+00, -3.38633980e+01,  2.39651179e+01,\n",
      "        -9.68580493e+00],\n",
      "       [-9.46719464e+01, -4.54024352e+01,  1.41490791e+02,\n",
      "         1.53104607e+01,  4.91560188e+01,  1.77748069e+02,\n",
      "         5.76406497e+01,  5.93316204e+01,  4.88559264e+01,\n",
      "         2.03355976e+01, -2.10254128e+01,  5.74473741e+01,\n",
      "        -1.82752595e+01],\n",
      "       [-2.17891547e+01, -3.94893332e+01,  2.89585021e+01,\n",
      "         2.49562305e+01, -2.10317390e+00,  5.76406497e+01,\n",
      "         1.26173211e+02,  8.54404600e+01,  4.28139377e+00,\n",
      "        -8.73280508e+00, -7.38609861e-02,  6.90846411e+00,\n",
      "        -1.44804835e+01],\n",
      "       [-9.45169465e+01, -6.00583699e+01,  1.37407743e+02,\n",
      "         5.67543705e+01,  4.98679104e+01,  5.93316204e+01,\n",
      "         8.54404600e+01,  2.24341254e+02,  2.86412265e+01,\n",
      "        -2.15805635e+01, -1.05613311e+01,  7.48993037e+01,\n",
      "         9.99644685e-01],\n",
      "       [-2.81219470e+01, -2.16813561e+01,  3.58699305e+01,\n",
      "         1.30234478e-01, -3.68835515e+00,  4.88559264e+01,\n",
      "         4.28139377e+00,  2.86412265e+01,  1.27532254e+02,\n",
      "         6.44699109e+01,  1.64433668e+01,  3.83671211e+01,\n",
      "         1.08739364e+01],\n",
      "       [-1.70878899e+01, -1.08185591e+01,  7.60424956e+00,\n",
      "         1.48174918e+00,  7.73878340e+00,  2.03355976e+01,\n",
      "        -8.73280508e+00, -2.15805635e+01,  6.44699109e+01,\n",
      "         1.49027224e+02,  3.78696834e+01,  1.44861074e+01,\n",
      "         1.68261721e+01],\n",
      "       [ 5.38503742e+01, -3.95994635e+00, -9.41726364e+01,\n",
      "        -3.82896385e+01, -3.38633980e+01, -2.10254128e+01,\n",
      "        -7.38609861e-02, -1.05613311e+01,  1.64433668e+01,\n",
      "         3.78696834e+01,  1.49798483e+02,  1.58351891e+01,\n",
      "        -9.35829029e+00],\n",
      "       [-8.97289484e+01, -2.09502909e+01,  1.28452189e+02,\n",
      "         1.71191037e+01,  2.39651179e+01,  5.74473741e+01,\n",
      "         6.90846411e+00,  7.48993037e+01,  3.83671211e+01,\n",
      "         1.44861074e+01,  1.58351891e+01,  1.60965920e+02,\n",
      "         4.16368210e+01],\n",
      "       [-9.80301067e+00,  3.18069421e+00,  1.95576538e+01,\n",
      "        -2.34280287e+00, -9.68580493e+00, -1.82752595e+01,\n",
      "        -1.44804835e+01,  9.99644685e-01,  1.08739364e+01,\n",
      "         1.68261721e+01, -9.35829029e+00,  4.16368210e+01,\n",
      "         1.08707520e+02]]), 1), (array([ 65.01307802,   1.31157547, -10.04628918,   5.19052882,\n",
      "        -9.49442659,   0.3386163 , -14.17969677,   1.95073626,\n",
      "       -22.85788526,  13.79564032,  -1.29196599,   2.16395339,\n",
      "       -14.38499437]), array([[ 8.04610052e+01,  2.21078141e+01, -1.38205055e+02,\n",
      "        -4.55599929e+01, -4.96081183e+01, -5.54972703e+01,\n",
      "         3.15507705e+01, -2.58574114e+01, -2.10993209e+01,\n",
      "         2.76278802e+01,  4.43496026e+01, -4.23021263e+01,\n",
      "         2.68452144e+00],\n",
      "       [ 2.21078141e+01,  5.05664896e+01, -2.42119593e+01,\n",
      "        -5.16246039e+01, -3.27980096e+01, -1.99260757e+01,\n",
      "         7.27245238e+00, -1.81703029e+01, -2.17431144e+01,\n",
      "        -2.53428528e+00,  2.25607005e+01, -5.78288306e+00,\n",
      "        -2.13837292e+01],\n",
      "       [-1.38205055e+02, -2.42119593e+01,  2.89583066e+02,\n",
      "         9.45638661e+01,  8.38616951e+01,  9.27428085e+01,\n",
      "        -7.79580891e+01,  4.05974961e+01,  4.08514943e+01,\n",
      "        -6.46776013e+01, -9.24771775e+01,  7.26164766e+01,\n",
      "        -1.49078939e+01],\n",
      "       [-4.55599929e+01, -5.16246039e+01,  9.45638661e+01,\n",
      "         1.68605703e+02,  9.97460226e+01, -2.72532984e+01,\n",
      "        -8.20412431e+01,  1.84234829e+01,  8.53294222e-02,\n",
      "        -3.13438319e+01, -6.83392561e+01,  2.68219889e+00,\n",
      "         3.95120414e+01],\n",
      "       [-4.96081183e+01, -3.27980096e+01,  8.38616951e+01,\n",
      "         9.97460226e+01,  1.36277957e+02,  2.39653206e+01,\n",
      "        -7.63692245e+01,  2.00221390e+01, -1.57414144e+00,\n",
      "        -4.57024639e+01, -5.31950006e+01,  7.51042318e+00,\n",
      "         5.23043977e+00],\n",
      "       [-5.54972703e+01, -1.99260757e+01,  9.27428085e+01,\n",
      "        -2.72532984e+01,  2.39653206e+01,  1.85417418e+02,\n",
      "         6.52251330e+01,  4.39540209e+00,  3.15789671e+01,\n",
      "        -9.73172396e+00, -3.55215439e+01,  2.38993650e+01,\n",
      "        -2.75045398e+01],\n",
      "       [ 3.15507705e+01,  7.27245238e+00, -7.79580891e+01,\n",
      "        -8.20412431e+01, -7.63692245e+01,  6.52251330e+01,\n",
      "         1.83204599e+02,  1.56555082e+01, -7.75934509e+00,\n",
      "         2.93351764e+01,  3.47181902e+01, -2.58514744e+01,\n",
      "        -2.68817404e+00],\n",
      "       [-2.58574114e+01, -1.81703029e+01,  4.05974961e+01,\n",
      "         1.84234829e+01,  2.00221390e+01,  4.39540209e+00,\n",
      "         1.56555082e+01,  1.17849080e+02,  3.53864301e+01,\n",
      "        -2.37155039e+01, -2.85164764e+00,  1.36418574e+01,\n",
      "        -1.79209249e+01],\n",
      "       [-2.10993209e+01, -2.17431144e+01,  4.08514943e+01,\n",
      "         8.53294222e-02, -1.57414144e+00,  3.15789671e+01,\n",
      "        -7.75934509e+00,  3.53864301e+01,  1.24594768e+02,\n",
      "         5.05950642e+01, -1.44175579e+01,  1.05088439e+01,\n",
      "        -6.10862421e+00],\n",
      "       [ 2.76278802e+01, -2.53428528e+00, -6.46776013e+01,\n",
      "        -3.13438319e+01, -4.57024639e+01, -9.73172396e+00,\n",
      "         2.93351764e+01, -2.37155039e+01,  5.05950642e+01,\n",
      "         1.35212952e+02,  4.57737869e+01, -1.51092849e+01,\n",
      "         6.18394155e+00],\n",
      "       [ 4.43496026e+01,  2.25607005e+01, -9.24771775e+01,\n",
      "        -6.83392561e+01, -5.31950006e+01, -3.55215439e+01,\n",
      "         3.47181902e+01, -2.85164764e+00, -1.44175579e+01,\n",
      "         4.57737869e+01,  1.34245584e+02,  1.37504697e+01,\n",
      "        -2.01558134e+01],\n",
      "       [-4.23021263e+01, -5.78288306e+00,  7.26164766e+01,\n",
      "         2.68219889e+00,  7.51042318e+00,  2.38993650e+01,\n",
      "        -2.58514744e+01,  1.36418574e+01,  1.05088439e+01,\n",
      "        -1.51092849e+01,  1.37504697e+01,  1.15902807e+02,\n",
      "         2.77295927e+01],\n",
      "       [ 2.68452144e+00, -2.13837292e+01, -1.49078939e+01,\n",
      "         3.95120414e+01,  5.23043977e+00, -2.75045398e+01,\n",
      "        -2.68817404e+00, -1.79209249e+01, -6.10862421e+00,\n",
      "         6.18394155e+00, -2.01558134e+01,  2.77295927e+01,\n",
      "         1.16129348e+02]]), 1), (array([ 63.7656708 ,   9.38517246, -13.73479201,  17.43327926,\n",
      "        -3.29714767,  -6.75387856, -18.59267232,  -0.86738465,\n",
      "       -25.99243537,   4.40616051,   1.84212524,   0.70640029,\n",
      "       -11.49353572]), array([[ 8.05813111e+01, -2.92959193e+01, -9.23995162e+01,\n",
      "         1.27839894e+00, -2.22350228e+01, -4.87187896e+01,\n",
      "        -1.20533404e+01, -6.20841036e+00, -1.91162796e+01,\n",
      "        -6.41165332e+00,  5.40542485e+01, -2.60518318e+01,\n",
      "        -1.20174069e+01],\n",
      "       [-2.92959193e+01,  5.92334029e+01,  2.97734741e+01,\n",
      "        -4.18717502e+01,  6.44361301e+00,  1.29252302e+01,\n",
      "         1.16038126e+01, -1.20341460e+01,  1.46899990e+01,\n",
      "        -1.21975044e+01, -2.67970952e+01,  1.81943136e+01,\n",
      "        -1.70852852e+01],\n",
      "       [-9.23995162e+01,  2.97734741e+01,  1.56875342e+02,\n",
      "         1.71936414e+01,  2.02981255e+01,  5.39434935e+01,\n",
      "         1.39958087e+01,  9.21873062e+00,  1.68498698e+01,\n",
      "        -9.11825816e-01, -7.63074134e+01,  1.99665616e+01,\n",
      "         1.98798759e+01],\n",
      "       [ 1.27839894e+00, -4.18717502e+01,  1.71936414e+01,\n",
      "         1.16332205e+02,  2.40200240e+01, -1.31281149e+01,\n",
      "        -3.24790619e+01,  3.98954365e+00, -1.58293596e+01,\n",
      "         5.17904520e+00, -2.59056496e+01, -3.26957668e+01,\n",
      "         3.38962465e+01],\n",
      "       [-2.22350228e+01,  6.44361301e+00,  2.02981255e+01,\n",
      "         2.40200240e+01,  1.14994322e+02,  3.06843396e+01,\n",
      "        -4.41925740e+01, -2.06164280e+01,  4.70565874e+00,\n",
      "        -1.59645266e+01, -1.81700825e+01, -1.78226845e+01,\n",
      "        -2.41898170e+00],\n",
      "       [-4.87187896e+01,  1.29252302e+01,  5.39434935e+01,\n",
      "        -1.31281149e+01,  3.06843396e+01,  1.26115297e+02,\n",
      "         2.95585242e+01, -1.74768482e+01,  6.82485140e+00,\n",
      "         4.43929354e+00, -4.61220951e+01,  2.37143624e+01,\n",
      "        -1.49552776e+01],\n",
      "       [-1.20533404e+01,  1.16038126e+01,  1.39958087e+01,\n",
      "        -3.24790619e+01, -4.41925740e+01,  2.95585242e+01,\n",
      "         1.25289797e+02,  4.17522863e+01, -1.62569714e+01,\n",
      "        -4.70860394e+00,  6.66049504e+00,  1.85650310e+01,\n",
      "        -1.06966215e-01],\n",
      "       [-6.20841036e+00, -1.20341460e+01,  9.21873062e+00,\n",
      "         3.98954365e+00, -2.06164280e+01, -1.74768482e+01,\n",
      "         4.17522863e+01,  1.42692198e+02,  4.43306135e+00,\n",
      "        -5.56182966e+00,  3.95451762e+01,  4.71380667e+00,\n",
      "        -8.96234484e+00],\n",
      "       [-1.91162796e+01,  1.46899990e+01,  1.68498698e+01,\n",
      "        -1.58293596e+01,  4.70565874e+00,  6.82485140e+00,\n",
      "        -1.62569714e+01,  4.43306135e+00,  1.40035920e+02,\n",
      "         4.08844316e+01, -3.19596503e+01, -2.65871811e+00,\n",
      "        -6.00943900e+00],\n",
      "       [-6.41165332e+00, -1.21975044e+01, -9.11825816e-01,\n",
      "         5.17904520e+00, -1.59645266e+01,  4.43929354e+00,\n",
      "        -4.70860394e+00, -5.56182966e+00,  4.08844316e+01,\n",
      "         1.41456377e+02,  2.73421864e+01, -1.18139473e+01,\n",
      "        -3.50835172e+00],\n",
      "       [ 5.40542485e+01, -2.67970952e+01, -7.63074134e+01,\n",
      "        -2.59056496e+01, -1.81700825e+01, -4.61220951e+01,\n",
      "         6.66049504e+00,  3.95451762e+01, -3.19596503e+01,\n",
      "         2.73421864e+01,  1.88224721e+02,  1.32318470e+01,\n",
      "        -3.94978616e+01],\n",
      "       [-2.60518318e+01,  1.81943136e+01,  1.99665616e+01,\n",
      "        -3.26957668e+01, -1.78226845e+01,  2.37143624e+01,\n",
      "         1.85650310e+01,  4.71380667e+00, -2.65871811e+00,\n",
      "        -1.18139473e+01,  1.32318470e+01,  1.14694654e+02,\n",
      "         2.30522373e+01],\n",
